1757385642546 0.0 7
1757385644781 0.0 7
1757385953046 1.0 15
1757385955208 1.0 15
1757386265765 2.0 23
1757386267983 2.0 23
1757386575071 3.0 31
1757386577284 3.0 31
1757386888625 4.0 39
1757386890827 4.0 39
1757387196526 5.0 47
1757387198724 5.0 47
1757387352209 6.0 49
1757387508557 6.0 55
1757387510734 6.0 55
1757387812488 7.0 63
1757387814655 7.0 63
1757388123446 8.0 71
1757388125613 8.0 71
1757388431442 9.0 79
1757388433616 9.0 79
1757388739579 10.0 87
1757388741758 10.0 87
1757389046292 11.0 95
1757389048421 11.0 95
1757389202785 12.0 99
1757389361281 12.0 103
1757389363489 12.0 103
1757389669250 13.0 111
1757389671416 13.0 111
1757389980570 14.0 119
1757389982802 14.0 119
1757390288489 15.0 127
1757390290708 15.0 127
