1757385644781 0.6961739659309387 7
1757385955208 0.6927573084831238 15
1757386267983 0.691763162612915 23
1757386577284 0.6921234130859375 31
1757386890827 0.6898621320724487 39
1757387198724 0.6910187602043152 47
1757387510734 0.6900176405906677 55
1757387814655 0.6893612146377563 63
1757388125613 0.6898791790008545 71
1757388433616 0.6890848875045776 79
1757388741758 0.6889345049858093 87
1757389048421 0.6892585158348083 95
1757389363489 0.6895836591720581 103
1757389671416 0.6883864998817444 111
1757389982802 0.688432514667511 119
1757390290708 0.6887660622596741 127
