1757402360894 0.0 7
1757402363128 0.0 7
1757402680656 1.0 15
1757402682839 1.0 15
1757402991689 2.0 23
1757402993885 2.0 23
1757403312895 3.0 31
1757403315090 3.0 31
1757403629655 4.0 39
1757403631858 4.0 39
1757403946983 5.0 47
1757403949141 5.0 47
1757404104161 6.0 49
1757404253751 6.0 55
1757404255887 6.0 55
1757404571142 7.0 63
1757404573341 7.0 63
1757404876036 8.0 71
1757404878187 8.0 71
1757405191499 9.0 79
1757405193666 9.0 79
1757405503655 10.0 87
1757405505869 10.0 87
1757405817610 11.0 95
1757405819872 11.0 95
1757405973907 12.0 99
1757406134334 12.0 103
1757406136524 12.0 103
1757406455662 13.0 111
1757406457899 13.0 111
1757406771376 14.0 119
1757406773503 14.0 119
1757407086123 15.0 127
1757407088323 15.0 127
1757407399489 16.0 135
1757407401680 16.0 135
1757407718970 17.0 143
1757407721113 17.0 143
1757407873238 18.0 149
1757408033786 18.0 151
1757408036020 18.0 151
1757408350625 19.0 159
1757408352846 19.0 159
1757408650357 20.0 167
1757408652549 20.0 167
1757408963903 21.0 175
1757408966094 21.0 175
1757409275496 22.0 183
1757409277700 22.0 183
1757409584420 23.0 191
1757409586611 23.0 191
