1757402363128 0.7372655868530273 7
1757402682839 0.7447593808174133 15
1757402993885 0.7409580945968628 23
1757403315090 0.7086947560310364 31
1757403631858 0.7040802240371704 39
1757403949141 0.6963082551956177 47
1757404255887 0.7049104571342468 55
1757404573341 0.6922160387039185 63
1757404878187 0.6952059864997864 71
1757405193666 0.6901464462280273 79
1757405505869 0.6943247318267822 87
1757405819872 0.6944741606712341 95
1757406136524 0.6937881112098694 103
1757406457899 0.6924175024032593 111
1757406773503 0.6890851855278015 119
1757407088323 0.6889201998710632 127
1757407401680 0.6908105611801147 135
1757407721113 0.6917946338653564 143
1757408036020 0.6868551969528198 151
1757408352846 0.6841285228729248 159
1757408652549 0.6842166781425476 167
1757408966094 0.7018872499465942 175
1757409277700 0.6832404136657715 183
1757409586611 0.6958618760108948 191
